163.069	1.439	2.725	9.311	4.93	4.143293753	0	1
156.233	2.595	2.701	12.385	4.782	2.857454323	0	2
159.287	1.201	2.686	13.556	4.888	3.878012235	0	3
162.548	1.548	2.718	12.371	5.283	3.299208441	0	4
166.482	3.904	2.755	18.416	5.101	3.138100507	0	5
157.931	0.293	2.676	13.642	5.179	3.851724262	0	6
161.598	-0.039	2.712	21.861	4.889	4.509593238	0	7
152.819	1.493	2.695	11.72	4.998	4.407577535	0	8
159.465	2.481	2.759	20.972	4.871	3.350781446	0	9
154.776	1.168	2.718	11.119	4.834	4.618197688	0	10
154.098	0.365	2.758	11.867	5.49	4.176830783	0	11
157.543	2.088	2.723	16.816	4.88	4.603125289	0	12
156.148	2.15	2.748	14.25	5.112	3.366097067	0	13
154.375	1.672	2.692	11.005	4.801	4.641920659	0	14
164.037	3.471	2.732	15.757	4.76	3.710061318	0	15
158.232	1.204	2.699	11.224	5.042	4.501637092	0	16
157.061	0.726	2.694	11.505	5.117	4.192953603	0	17
156.748	2.54	2.697	21.118	4.824	4.044864302	0	18
163.549	2.318	2.752	12.717	5.018	3.776477806	0	19
158.393	0.869	2.712	14.027	5.024	4.737087739	0	20
155.325	0.811	2.707	20.419	4.836	3.392174079	0	21
162.278	4.224	2.707	18.395	4.882	4.393080405	0	22
164.182	-1.695	2.734	16.412	4.752	4.627382859	0	23
156.256	1.201	2.731	11.417	4.932	4.16217504	0	24
159.533	0.049	2.695	11.33	5.139	4.331420696	0	25
161.512	1.274	2.707	11.453	4.764	4.269374018	0	26
154.852	0.827	2.732	12.116	5.024	3.559872048	0	27
155.665	1.618	2.714	13.861	4.921	4.686275119	0	28
154.224	1.635	2.746	16.896	5.515	4.181046841	0	29
155.964	1.256	2.702	10.838	4.785	4.123640451	0	30
166.907	7.394	2.691	17.733	4.668	2.384319358	0	31
157.534	1.887	2.722	20.294	4.793	4.488691952	0	32
156.457	0.311	2.72	13.239	4.922	4.495616663	0	33
157.848	2.225	2.719	13.851	4.826	3.907399482	0	34
157.714	-0.074	2.703	11.911	4.823	4.621984999	0	35
171.184	-0.963	2.715	19.568	4.92	4.024435257	0	36
156.648	2.447	2.707	10.536	4.74	4.233826444	0	37
158.459	5.144	2.718	22.603	4.956	4.867929727	0	38
154.675	0.11	2.712	9.923	4.929	3.459450239	0	39
156.33	0.85	2.712	9.57	5.009	4.627640881	0	40
158.172	3.372	2.707	22.959	4.88	3.773684147	0	41
154.233	1.821	2.719	16.634	5.063	3.336777033	0	42
156.522	0.853	2.712	8.95	4.802	4.601554026	0	43
157.972	0.653	2.721	11.936	4.921	4.206433377	0	44
158.089	3.22	2.724	17.862	5.025	3.058058769	0	45
156.159	1.005	2.71	11.969	5.159	4.602869337	0	46
155.297	2.391	2.725	11.877	5.069	3.562454059	0	47
157.577	0.406	2.687	16.792	4.972	4.524316799	0	48
157.872	0.797	2.704	11.695	5.005	4.616310965	0	49
159.238	0.28	2.708	8.387	5.12	4.294554663	0	50
159.791	2.597	2.753	19.519	4.856	3.687516922	0	51
156.908	2.418	2.699	16.428	4.79	3.91577476	0	52
161.279	0.228	2.71	12.837	4.87	4.605284376	0	53
157.121	1.56	2.728	12.07	4.785	4.089947515	0	54
155.655	1.396	2.714	14.569	5.024	4.053748776	0	55
155.739	1.551	2.732	14.924	4.958	3.29510045	0	56
172.362	0.773	2.706	17.069	5.243	3.805219461	0	57
156.958	0.299	2.662	14.237	4.671	4.613708396	0	58
156.865	2.735	2.715	10.336	4.757	4.20816731	0	59
159.923	0.882	2.674	18.71	4.906	3.942838077	0	60
158.9	1.906	2.693	21.729	5.385	3.188362549	0	61
151.503	1.714	2.708	10.403	5.012	3.098932928	0	62
155.172	1.343	2.74	11.422	5.071	4.479729553	0	63
158.309	0.791	2.699	11.165	4.868	4.42693307	0	64
160.921	1.783	2.71	11.532	4.836	3.656098585	0	65
155.361	1.749	2.719	10.642	4.816	2.853552814	0	66
155.877	0.628	2.724	10.562	5.119	3.818571212	0	67
157.22	2.061	2.718	11.474	5.168	3.469159912	0	68
157.937	1.122	2.699	12.079	5.088	3.374799102	0	69
156.916	1.998	2.684	24.631	4.641	3.755555951	0	70
157.263	1.491	2.691	13.653	5.024	3.363852185	0	71
163.884	0.946	2.701	14.711	4.702	3.259742679	0	72
156.587	1.821	2.781	13.295	5.068	3.778557921	0	73
157.312	0.652	2.727	15.349	4.793	4.625670329	0	74
157.787	1.55	2.722	21.136	4.942	4.299217927	0	75
154.995	1.593	2.705	10.448	5.082	3.001683965	0	76
159.272	2.001	2.717	16.109	4.765	3.049676504	0	77
157.019	0.542	2.692	10.374	5.244	4.436325278	0	78
168.593	6.02	2.693	11.171	4.796	3.010441164	0	79
156.195	1.649	2.718	23.143	5.056	4.614676292	0	80
157.027	-0.058	2.679	11.109	4.657	4.459448626	0	81
163.397	0.365	2.697	10.372	4.951	3.634055366	0	82
154.972	2.409	2.723	10.565	4.86	3.213191449	0	83
157.266	2.818	2.66	11.435	5.118	4.581485697	0	84
153.925	0.434	2.721	16.775	4.718	4.609769351	0	85
157.709	0.857	2.705	11.973	5.049	4.581371442	0	86
156.56	1.493	2.741	16.183	4.782	4.471759074	0	87
157.215	1.172	2.689	11.178	4.893	4.438048016	0	88
155.222	1.682	2.735	7.22	4.755	4.108249708	0	89
152.293	0.274	2.709	10.478	4.712	4.602059991	0	90
155.331	0.683	2.697	14.683	4.754	4.223749331	0	91
155.187	1.554	2.7	12.48	4.729	4.475607245	0	92
162.097	-1.161	2.706	16.835	4.721	4.595204243	0	93
156.699	1.085	2.697	9.952	5.139	4.565550379	0	94
161.486	0.117	2.728	13.891	4.836	4.620407285	0	95
157.126	1.479	2.704	15.247	5.257	4.708397358	0	96
154.614	0.848	2.688	11.712	4.793	4.165682704	0	97
159.671	2.401	2.675	24.39	5.181	3.28614175	0	98
156.872	1.18	2.701	13.46	4.726	3.454089903	0	99
157.703	1.085	2.719	17.055	4.858	4.617598448	0	100
155.937	1.085	2.684	13.459	5.258	4.425971995	0	101
157.163	1.739	2.782	12.927	4.991	3.867701131	0	102
158.521	3.387	2.676	22.023	5.262	3.666629067	0	103
163.865	2.024	2.732	21.803	5.124	3.736214937	0	104
161.761	-0.096	2.693	11.051	4.661	4.209974534	0	105
162.755	2.646	2.673	21.643	4.773	3.621834601	0	106
164.56	10.177	2.731	22.267	4.764	2.446325871	0	107
156.453	1.158	2.701	16.082	4.848	4.372057719	0	108
175.873	5.232	2.729	24.9	4.937	3.965438122	0	109
156.653	1.59	2.685	14.137	4.945	3.705548221	0	110
161.45	1.802	2.691	10.738	4.785	4.622909943	0	111
154.574	1.068	2.72	10.782	5.112	4.626358735	0	112
158.439	1.242	2.685	13.635	4.701	3.780731171	0	113
160.438	2.514	2.723	12.266	4.85	3.799811607	0	114
159.613	1.644	2.708	19.559	4.851	3.793824596	0	115
160.457	2.771	2.683	14.91	4.784	3.188668391	0	116
154.411	0.881	2.69	11.148	5.228	3.647206673	0	117
161.011	1.16	2.718	9.317	5.198	3.297906856	0	118
162.932	3.289	2.727	14.598	4.998	4.108970244	0	119
157.613	0.85	2.702	12.304	4.915	4.473574492	0	120
153.489	2.159	2.715	10.312	4.883	4.590855238	0	121
157.217	1.879	2.665	18.109	5.086	4.108149201	0	122
161.031	1.873	2.712	13.747	4.741	4.623437682	0	123
155.755	0.602	2.714	11.312	5.019	3.57003924	0	124
157.607	1.786	2.711	15.343	5.005	4.67650557	0	125
159.197	0.712	2.722	14.352	4.776	4.609327732	0	126
162.284	3.906	2.726	13.23	4.944	2.666062856	0	127
172.312	0.224	2.768	12.38	4.927	3.544591984	0	128
157.987	-0.579	2.734	11.828	5.123	3.787162955	0	129
153.741	1.704	2.722	13.286	4.957	4.58679936	0	130
161.478	3.217	2.736	16.418	4.844	4.010657509	0	131
158.785	1.79	2.699	12.301	5.512	3.014900066	0	132
156.916	1.998	2.684	24.631	4.641	3.755555951	0	133
152.361	1.329	2.712	9.577	5.036	3.288691346	0	134
156.857	0.336	2.729	10.295	4.87	4.338473347	0	135
155.631	1.691	2.728	21.316	5.04	4.467770725	0	136
159.238	0.28	2.708	8.387	5.12	4.294554663	0	137
157.43	1.82	2.709	22.124	4.975	4.616998705	0	138
156.479	0.891	2.719	8.788	4.79	4.627454233	0	139
155.172	1.343	2.74	11.422	5.071	4.479729553	0	140
155.239	0.825	2.712	9.727	5.131	4.337634721	0	141
155.046	0.61	2.691	17.504	4.822	4.163516212	0	142
154.249	0.538	2.718	12.737	4.922	3.618476424	0	143
157.178	0.536	2.707	14.601	4.792	4.588217773	0	144
159.724	0.745	2.719	15.252	5.027	4.496483174	0	145
156.909	0.895	2.705	12.825	5.183	3.773882725	0	146
171.098	-1.144	2.742	15.625	4.789	4.052670015	0	147
165.978	0.66	2.709	18.51	4.865	4.572877722	0	148
155.665	1.841	2.717	13.297	4.843	4.447977067	0	149
162.154	-0.386	2.712	18.946	4.695	4.424371825	0	150
157.841	0.21	2.718	15.376	4.745	3.993292206	0	151
165.533	1.452	2.727	11.085	5.065	3.617212611	0	152
154.208	1.983	2.694	10.376	4.677	4.502097737	0	153
156.777	5.439	2.667	19.98	5.221	3.833118732	0	154
157.504	0.298	2.666	14.69	4.63	4.615564294	0	155
158.854	1.083	2.717	19.719	4.775	3.150726974	0	156
152.106	1.328	2.746	13.769	5.229	3.432279321	0	157
157.423	0.531	2.718	17.269	4.855	4.559804129	0	158
156.863	0.421	2.702	17.798	4.882	4.543159394	0	159
159.107	0.513	2.706	16.565	5.153	3.755968105	0	160
163.874	3.427	2.726	15.755	4.868	3.144439073	0	161
161.761	-0.096	2.693	11.051	4.661	4.209974534	0	162
159.772	0.543	2.705	10.22	5.13	3.924565568	0	163
155.703	0.808	2.698	12.981	4.925	4.415346147	0	164
160.208	1.548	2.666	15.808	4.71	3.172794936	0	165
159.325	0.951	2.697	9.197	5.157	4.612848858	0	166
161.658	1.961	2.708	11.986	4.709	4.616372889	0	167
157.057	1.642	2.687	17.77	4.699	3.944634007	0	168
156.479	0.891	2.719	8.788	4.79	4.627454233	0	169
159.523	2.056	2.728	20.193	4.83	4.104094327	0	170
155.102	1.224	2.7	11.584	5.074	4.625755915	0	171
155.894	0.032	2.706	11.411	5.176	3.81583599	0	172
156.604	-0.245	2.757	16.644	4.842	3.173802587	0	173
158.716	2.539	2.723	16.045	4.834	3.709987989	0	174
164.261	4.664	2.724	23.666	4.912	3.145057111	0	175
156.503	3.464	2.699	22.097	5.208	3.572297932	0	176
158.579	0.54	2.715	14.585	4.886	4.58393304	0	177
154.612	0.025	2.729	13.276	5.112	3.941161421	0	178
160.253	2.611	2.743	10.772	5.032	3.886569229	0	179
155.573	0.674	2.713	13.074	5.121	4.492615134	0	180
162.283	4.144	2.719	22.12	5.009	3.427144024	0	181
158.648	5.463	2.718	17.411	5.405	4.867927661	0	182
161.78	0.716	2.72	15.876	5.196	4.303501274	0	183
155.025	4.234	2.683	13.972	4.7	4.166373773	0	184
154.473	2.081	2.688	11.271	4.848	4.603269499	0	185
154.783	1.743	2.721	17.801	5.078	3.257178969	0	186
158.284	0.719	2.687	13.563	4.852	4.563054532	0	187
156.783	1.771	2.695	14.59	5.159	4.281564905	0	188
156.134	0.728	2.713	11.606	5.118	4.113103149	0	189
162.378	1.589	2.733	12.279	4.835	3.804491021	0	190
159.859	3.153	2.727	14.339	4.984	4.22706887	0	191
156.237	1.303	2.731	11.711	5.156	4.076638878	0	192
157.198	2.183	2.698	22.199	6.116	3.281078386	0	193
160.463	2.615	2.702	13.011	5.115	2.783250218	0	194
159.187	1.774	2.718	10.368	5.112	4.615281344	0	195
154.579	0.627	2.679	13.644	5.076	4.16460616	0	196
153.046	2.112	2.78	17.169	5.436	4.069597361	0	197
155.409	1.268	2.676	11.009	5.364	4.017450312	0	198
157.635	3.611	2.713	22.497	4.961	3.656943438	0	199
158.162	1.037	2.7	15.219	5.046	4.622602175	0	200
153.92	4.298	2.742	14.642	4.259	3.577425846	1	201
150.933	2.103	2.772	13.662	3.972	4.245167019	1	202
154.116	2.232	2.74	13.471	3.809	4.199018555	1	203
155.011	0.999	2.721	17.419	4.571	3.656630055	1	204
158.511	2.953	2.762	12.296	4.306	3.350691005	1	205
154.558	2.125	2.704	11.386	4.622	4.574777381	1	206
155.446	1.727	2.733	15.899	4.339	3.846698812	1	207
175.888	12.651	2.713	12.495	3.375	1.912870091	1	208
156.505	1.05	2.744	14.541	4.611	3.469590085	1	209
162.461	3.059	2.735	17.768	4.485	2.74514118	1	210
155.83	1.484	2.775	13.415	4.079	4.616710862	1	211
159.359	-0.196	2.766	10.935	4.286	3.756071539	1	212
156.681	2.183	2.734	20.84	4.514	4.356342432	1	213
155.995	2.551	2.805	9.579	4.018	3.362950446	1	214
178.766	9.563	2.681	22.354	3.322	2.116876605	1	215
161.061	6.237	2.739	20.972	3.726	3.353617563	1	216
154.565	3.228	2.776	16.036	4.501	4.047776567	1	217
186.618	14.208	2.628	10.994	3.743	1.187069271	1	218
164.885	9.838	2.794	24.253	4.541	2.385216485	1	219
176.423	9.335	2.7	23.976	4.094	2.063761062	1	220
158.913	4.017	2.726	23.09	3.814	3.211650933	1	221
162.697	2.174	2.713	14.931	4.623	3.698156417	1	222
159.45	6.162	2.745	15.422	3.932	2.99868906	1	223
158.397	2.055	2.756	13.308	4.259	4.483208447	1	224
162.256	6.667	2.683	15.29	4.001	2.17534943	1	225
156.838	0.369	2.739	14.15	4.191	4.547222259	1	226
159.158	3.408	2.762	15.764	4.214	3.483592717	1	227
167.518	1.114	2.803	19.501	4.196	3.739995595	1	228
157.371	-0.396	2.701	13.294	4.136	4.044056947	1	229
170.462	12.402	2.712	20.054	3.332	2.480580351	1	230
154.991	1.743	2.756	12.768	4.207	4.445289545	1	231
156.075	0.504	2.745	11.682	4.627	3.961233381	1	232
158.733	3.152	2.78	16.955	4.041	2.323198455	1	233
153.76	1.468	2.788	11.494	4.734	4.62474815	1	234
162.058	7.824	2.747	10.974	4.085	2.170223566	1	235
153.156	1.504	2.753	10.446	4.705	4.202606574	1	236
163.144	3.424	2.745	23.711	4.31	3.097867878	1	237
164.4	3.809	2.728	17.344	3.994	3.759680458	1	238
169.949	9.537	2.738	18.415	4.255	2.418269796	1	239
155.379	1.466	2.701	12.924	4.465	4.153809287	1	240
153.769	2.013	2.687	13.092	4.295	3.324029215	1	241
155.526	0.672	2.714	8.345	4.573	3.065428451	1	242
160.279	8.852	2.772	19.758	3.86	2.976384831	1	243
162.073	2.358	2.743	12.561	3.767	3.536323052	1	244
158.244	6.102	2.713	13.095	3.633	2.363713491	1	245
161.153	3.131	2.748	13.819	4.724	4.343788696	1	246
159.867	0.462	2.731	9.131	4.571	4.602437718	1	247
161.043	4.357	2.765	22.996	3.943	2.717915037	1	248
158.952	2.832	2.737	21.026	4.171	4.160438247	1	249
154.436	1.809	2.731	16.625	4.572	3.801835389	1	250
160.151	12.579	2.751	18.761	3.607	2.38032342	1	251
156.322	1.534	2.726	18.423	4.612	4.616536521	1	252
161.415	2.745	2.762	14.013	4.678	4.254286963	1	253
159.549	4.443	2.776	18.382	3.814	2.35546493	1	254
156.844	0.723	2.739	17.412	4.695	3.902435718	1	255
160.878	8.956	2.726	8.603	3.54	2.63118088	1	256
154.603	5.479	2.759	16.432	3.749	3.765623857	1	257
155.74	2.986	2.746	15.546	3.704	3.989144414	1	258
156.394	1.128	2.731	9.215	4.508	4.613613953	1	259
158.024	0.535	2.719	19.073	4.488	3.854732959	1	260
162.568	3.212	2.751	14.322	4.741	4.274856178	1	261
156.871	1.012	2.78	9.195	4.673	4.315042356	1	262
162.52	11.08	2.822	18.92	4.104	2.278325953	1	263
170.857	10.018	2.695	22.563	3.519	2.518853347	1	264
150.699	0.932	2.754	14.983	4.8	3.94928591	1	265
152.977	1.307	2.772	14.397	3.872	4.314686589	1	266
157.743	0.916	2.734	17.535	4.598	4.617553672	1	267
151.975	0.259	2.715	11.605	4.63	4.602059991	1	268
168.715	2.245	2.733	18.118	3.935	2.836749971	1	269
162.6	12.097	2.738	16.968	3.778	1.720936202	1	270
158.409	2.7	2.748	15.754	3.992	2.956609227	1	271
164.368	7.374	2.713	15.349	3.936	2.236368448	1	272
153.978	4.886	2.76	18.672	4.054	3.494810551	1	273
164.05	2.88	2.706	16.027	4.587	3.245963754	1	274
153.552	8.634	2.724	18.009	3.554	2.982339539	1	275
152.996	9.033	2.751	20.395	3.855	2.5301177	1	276
164.037	4.783	2.75	17.394	3.74	2.897984275	1	277
154.596	1.127	2.747	19.009	4.511	3.608541116	1	278
150.049	0.744	2.765	16.131	4.584	4.370912412	1	279
160.349	4.57	2.74	10.548	4.076	3.225714692	1	280
164.545	1.711	2.698	11.625	4.549	3.46715019	1	281
153.989	1.393	2.779	18.515	4.452	4.620287323	1	282
154.096	0.536	2.718	15.262	4.671	4.202235132	1	283
155.099	7.213	2.759	23.427	3.847	2.391206897	1	284
159.202	2.552	2.668	8.799	4.072	4.470561424	1	285
154.363	2.589	2.724	14.325	3.814	3.81407311	1	286
153.709	3.002	2.763	15.113	3.945	3.114525251	1	287
151.693	2.871	2.762	18.64	4.395	3.674900437	1	288
153.775	2.125	2.764	12.566	4.269	2.771265499	1	289
155.38	1.606	2.745	10.551	4.517	4.1293379	1	290
163.326	1.206	2.698	21.499	4.49	3.673884948	1	291
154.956	7.269	2.76	18.733	4.62	3.070953908	1	292
165.438	5.693	2.737	22.651	4.547	4.43508823	1	293
153.963	1.179	2.765	9.167	4.494	4.618076184	1	294
159.919	6.518	2.759	23.367	3.712	2.466688233	1	295
157.096	0.867	2.722	10.828	4.606	4.266593356	1	296
158.559	1.866	2.701	14.08	4.585	4.448086846	1	297
159.521	3.602	2.729	13.877	4.728	2.714186369	1	298
158.426	2.951	2.744	13.599	4.731	4.382160336	1	299
155.713	2.249	2.749	15.956	3.974	3.407111881	1	300
150.422	2.562	2.767	10.816	3.891	3.151970459	1	301
163.553	10.351	2.725	8.23	3.508	2.284548034	1	302
156.417	3.584	2.779	14.04	4.321	3.262531534	1	303
156.71	0.599	2.73	10.034	4.324	4.528237231	1	304
152.169	3.305	2.787	10.756	4.047	3.333946376	1	305
157.209	8.036	2.711	22.433	3.212	2.469910338	1	306
169.946	7.455	2.736	19.239	3.563	2.14664268	1	307
164.739	1.318	2.739	23.538	4.61	4.077943554	1	308
179.662	13.02	2.7	11.687	3.38	1.952526072	1	309
163.663	0.723	2.727	14.543	4.397	3.531514042	1	310
186.106	10.904	2.722	17.836	3.525	2.625562459	1	311
161.087	11.237	2.75	16.886	4.191	2.342801536	1	312
154.056	3.317	2.748	10.711	3.811	3.96054336	1	313
152.273	1.345	2.777	14.966	4.456	4.059199814	1	314
156.4	2.357	2.766	20.966	4.373	4.258076911	1	315
152.424	7.574	2.759	18.505	3.933	2.948727324	1	316
169.783	10.078	2.669	15.396	3.781	1.664717172	1	317
158.558	1.071	2.685	10.876	4.527	3.160650074	1	318
177.741	12.702	2.691	23.429	3.715	1.928656965	1	319
154.775	1.283	2.755	12.492	4.164	4.553947559	1	320
155.344	0.707	2.733	10.129	4.737	4.27639808	1	321
154.16	0.33	2.773	14.157	4.68	4.359029982	1	322
163.746	4.572	2.763	22.683	4.032	2.75376302	1	323
154.803	2.88	2.797	14.639	4.128	3.436840127	1	324
159.205	2.176	2.761	7.866	3.983	2.656638577	1	325
162.092	5.212	2.756	24.428	4.084	2.509597645	1	326
156.236	3.472	2.766	11.922	3.93	3.57102285	1	327
152.456	6.912	2.767	24.419	3.786	2.764475774	1	328
158.406	0.37	2.762	14.627	4.101	3.782409124	1	329
167.863	11.006	2.706	24.502	3.582	2.360224087	1	330
152.792	1.644	2.749	10.533	4.63	3.390869075	1	331
156.895	1.106	2.781	10.18	4.681	4.278479452	1	332
154.969	3.933	2.75	18.371	4.365	3.979757869	1	333
162.597	2.855	2.723	19.136	4.19	3.682052881	1	334
149.3	2.995	2.776	12.086	3.984	4.383128944	1	335
156.155	1.83	2.764	17.209	4.392	4.62928645	1	336
168.128	4.478	2.707	11.735	3.993	1.83775253	1	337
155.772	1.872	2.78	13.112	4.398	3.883646788	1	338
153.297	1.604	2.803	12.736	4.202	3.516307128	1	339
160.836	3.128	2.747	19.068	4.778	3.087226842	1	340
155.351	0.671	2.724	11.804	4.581	4.619454084	1	341
159.718	2.408	2.763	19.501	4.664	3.915449805	1	342
153.127	3.655	2.704	21.365	4.582	3.799485221	1	343
157.809	1.826	2.766	14.013	3.907	4.627191336	1	344
156.713	3.39	2.765	11.437	3.935	3.588516524	1	345
159.659	0.394	2.747	14.997	4.705	4.619016372	1	346
156.804	2.017	2.737	11.869	4.557	3.65328296	1	347
156.505	0.624	2.72	11.943	4.189	4.623628605	1	348
156.121	2.806	2.797	10.234	4.207	3.037748314	1	349
158.706	0.749	2.687	14.656	4.493	3.474723568	1	350
173.565	5.62	2.666	11.59	3.455	1.848712419	1	351
155.307	3.902	2.765	17.667	4.101	3.276646742	1	352
156.765	3.527	2.774	20.92	4.082	3.598514308	1	353
167.849	8.461	2.734	23.803	3.494	2.729218263	1	354
158.023	1.467	2.722	14.554	3.348	3.172695734	1	355
155.535	2.424	2.733	21.757	4.173	3.51453819	1	356
156.607	3.128	2.766	11.488	4.128	3.568997397	1	357
155.36	1.259	2.722	10.319	4.689	4.613570964	1	358
155.384	4.335	2.757	14.101	4.404	3.533316178	1	359
161.1	2.505	2.753	24.105	3.983	3.853562063	1	360
167.102	11.817	2.816	20.459	4.242	2.277783356	1	361
162.92	6.477	2.706	17.112	4.37	2.8291725	1	362
162.23	11.096	2.737	19.689	3.578	2.040594429	1	363
162.649	3.325	2.729	20.178	4.478	4.409432974	1	364
156.141	3.025	2.769	24.612	3.917	3.301451057	1	365
156.75	6.678	2.745	13.677	3.634	2.422535673	1	366
158.762	2.431	2.777	12.123	4.088	3.43826238	1	367
154.826	4.173	2.754	12.717	4.086	4.067589169	1	368
154.597	0.64	2.748	9.979	4.516	4.588992553	1	369
154.601	1.499	2.751	13.404	4.07	2.935207892	1	370
156.455	7.088	2.777	23.653	3.921	3.001097811	1	371
157.701	0.828	2.737	9.691	4.383	4.638492841	1	372
165.751	2.934	2.729	21.46	4.39	3.450583017	1	373
163.263	3.386	2.755	17.165	4.59	2.874602986	1	374
154.288	1.557	2.716	11.116	4.644	4.614737098	1	375
152.182	2.317	2.766	17.989	4.143	4.221216269	1	376
166.746	12.293	2.74	8.496	3.837	1.943539031	1	377
152.955	6.643	2.768	12.527	3.879	3.012202607	1	378
156.473	0.366	2.694	13.048	4.233	4.6192119	1	379
161.37	7.833	2.727	8.488	3.368	2.79521382	1	380
172.177	9.338	2.865	22.361	4.193	2.093943226	1	381
156.408	1.732	2.71	18.396	4.524	4.615720825	1	382
158.426	3.238	2.785	7.179	4.776	3.858738839	1	383
157.994	3.146	2.77	11.2	4.01	3.145261064	1	384
156.951	1.768	2.75	16.127	4.547	3.3030383	1	385
157.954	2.162	2.68	10.467	3.984	4.539023679	1	386
159.738	1.482	2.745	9.374	3.977	3.840836187	1	387
163.56	3.493	2.75	20.611	4.487	3.040618557	1	388
154.049	2.504	2.741	13.878	3.949	3.488915202	1	389
157.283	0.815	2.744	23.274	3.6	3.310914969	1	390
161.933	2.187	2.741	17.171	4.572	4.052185763	1	391
171.228	11.442	2.669	17.919	3.398	2.533535661	1	392
153.234	1.121	2.778	17.898	4.045	3.035566209	1	393
158.768	2.062	2.732	15.442	4.117	3.392715942	1	394
158.852	0.533	2.725	14.772	4.601	4.865075416	1	395
158.201	12.905	2.808	13.914	4.292	2.264716318	1	396
162.752	4.433	2.711	11.519	3.409	2.006624328	1	397
152	1.269	2.726	18.203	4.166	4.334676511	1	398
165.231	6.798	2.741	20.256	3.522	2.254153964	1	399
167.612	3.789	2.727	20.881	4.137	3.115140687	1	400
179.055	16.961	2.811	99.855	4.128	2.021598584	2	401
161.853	9.254	2.754	60.789	3.895	2.383915852	2	402
175.813	8.03	2.761	59.106	3.691	2.316555305	2	403
162.644	10.374	2.681	29.184	3.402	2.44809231	2	404
177.58	8.587	2.756	61.955	3.726	2.275645299	2	405
183.682	11.574	2.767	66.223	4.182	2.759285497	2	406
189.344	15.902	2.706	63.652	3.334	1.270888365	2	407
158.903	4.606	2.786	57.787	4.084	3.010387316	2	408
161.708	8.819	2.794	49.692	3.99	2.432534779	2	409
168.598	5.134	2.69	49.159	4.993	2.680562122	2	410
166.4	5.782	2.758	31.613	4.055	3.562568227	2	411
163.666	9.124	2.698	55.593	3.551	3.306277664	2	412
166.46	7.555	2.728	25.384	5.169	2.225084321	2	413
169.574	9.552	2.775	56.907	4.289	2.635931884	2	414
156.924	6.75	2.77	26.477	3.8	2.435125785	2	415
163.814	3.505	2.669	37.751	4.978	3.876205366	2	416
155.351	4.921	2.749	34.404	3.879	3.053775062	2	417
168.598	5.134	2.69	49.159	4.993	2.680562122	2	418
164.356	4.332	2.751	52.918	5.238	3.115221303	2	419
157.712	6.196	2.786	32.647	4.127	2.814192306	2	420
151.009	5.931	2.774	31.397	3.962	3.843420163	2	421
167.644	9.073	2.726	30.208	4.517	2.85499308	2	422
166.103	7.726	2.768	32.49	3.893	2.448710956	2	423
157.956	6.838	2.771	68.616	3.894	2.808477682	2	424
167.801	8.141	2.758	68.929	4.349	2.418541579	2	425
166.657	8.91	2.686	50.971	3.573	3.279341786	2	426
161.61	1.735	2.738	27.99	4.997	3.523696923	2	427
302.141	34.292	2.661	218.038	3.529	1.372267444	2	428
187.535	5.1	2.663	48.292	4.711	2.043079207	2	429
165.567	8.927	2.764	50.766	3.942	2.750072339	2	430
171.361	11.664	2.736	70.11	3.85	2.7010868	2	431
156.686	7.392	2.774	26.541	3.898	2.881477099	2	432
169.335	6.913	2.721	54.876	4.145	2.489556325	2	433
173.851	5.553	2.73	51.648	3.502	2.795394031	2	434
159.811	6.075	2.699	39.28	4.184	4.186472553	2	435
169.845	10.652	2.735	91.25	3.863	3.926195153	2	436
154.251	6.95	2.772	25.703	4.183	2.437454064	2	437
174.837	4.58	2.734	27.586	4.594	4.046150831	2	438
171.438	5.936	2.703	52.858	4.21	2.613847105	2	439
176.341	6.118	2.728	68.543	4.346	2.559031172	2	440
193.722	6.536	2.689	56.618	3.841	2.743012472	2	441
177.333	6.62	2.772	79.954	4.523	2.174737046	2	442
162.916	2.775	2.745	29.808	3.625	2.473069263	2	443
156.586	14.72	2.745	25.664	3.549	2.385273723	2	444
161.68	10.584	2.798	45.115	4.381	2.517285652	2	445
160.01	5.146	2.757	63.547	4.373	3.393080264	2	446
180.065	10.035	2.778	81.071	4	2.026496493	2	447
165.622	7.214	2.759	55.454	3.794	2.456880504	2	448
164.553	7.026	2.798	35.972	4.313	2.796433477	2	449
162.896	7.928	2.787	31.581	3.972	2.726388931	2	450
161.983	8.353	2.765	52.366	3.71	2.13188801	2	451
163.609	8.124	2.744	42.103	3.709	2.9761743	2	452
190.639	15.285	2.737	112.217	3.751	2.067959376	2	453
162.547	10.96	2.774	51.227	4.022	2.925491033	2	454
188.522	28.775	2.597	46.332	4.232	1.229067202	2	455
175.594	7.19	2.752	45.391	4.687	2.204293666	2	456
160.694	9.239	2.725	36.735	4.12	2.109922607	2	457
171.658	10.958	2.735	93.349	3.648	2.266654963	2	458
165.425	4.974	2.759	37.733	4.209	2.205558911	2	459
166.771	4.641	2.733	49.529	4.33	2.537996553	2	460
163.419	3.836	2.732	26.025	4.731	2.858397623	2	461
181.849	12.489	2.763	83.973	3.997	2.207849711	2	462
159.476	3.865	2.749	39.372	4.28	3.818873552	2	463
158.053	9.135	2.754	37.411	3.675	2.751943897	2	464
164.227	7.265	2.765	44.66	4.089	2.833925084	2	465
160.057	1.83	2.683	26.82	4.538	4.594076671	2	466
170.496	5.171	2.771	59.53	3.763	3.001982366	2	467
167.108	6.044	2.664	26.108	5.064	2.718117048	2	468
172.308	7.891	2.732	46.126	4.173	4.114853448	2	469
184.032	9.846	2.766	87.148	3.893	2.270522788	2	470
153.465	8.027	2.78	42.607	4.144	3.343502533	2	471
196.012	7.894	2.747	80.534	3.984	1.761025252	2	472
170.583	9.537	2.739	57.334	3.491	2.199044481	2	473
183.687	13.129	2.751	101.116	3.601	2.176776903	2	474
159.668	4.915	2.745	32.417	4.274	3.226808626	2	475
157.62	3.788	2.785	27.061	4.452	2.317258728	2	476
168.251	13.947	2.79	30.572	3.986	2.302657717	2	477
166.124	12.828	2.715	76.98	3.733	2.745749143	2	478
212.048	16.929	2.737	153.071	3.574	1.365937023	2	479
175.374	11.424	2.72	74.413	3.648	2.273968382	2	480
172.21	4.839	2.723	47.924	3.503	2.97045009	2	481
159.668	4.915	2.745	32.417	4.274	3.226808626	2	482
159.719	9.786	2.765	52.62	4.099	2.477772208	2	483
168.685	7.663	2.714	27.847	3.379	2.27236152	2	484
176.503	6.057	2.683	29.633	4.022	2.756080525	2	485
159.899	7.564	2.778	47.948	4.116	2.436857281	2	486
158.898	6.898	2.694	25.146	5.115	3.622213816	2	487
167.51	4.976	2.718	34.759	4.538	3.243221406	2	488
180.292	11.439	2.794	79.594	3.968	2.218784877	2	489
162.508	10.434	2.719	30.977	3.42	2.446788724	2	490
173.32	14.373	2.67	27.238	4.304	2.933209311	2	491
174.203	9.161	2.738	81.426	3.679	1.939868544	2	492
161.225	1.898	2.723	29.765	3.85	3.533623117	2	493
176.318	6.212	2.76	101.995	4.396	2.386249197	2	494
169.71	6.087	2.695	39.379	4.738	2.88507216	2	495
188.357	10.073	2.749	44.564	4.285	2.492652849	2	496
169.223	12.591	2.786	58.252	3.922	1.96381615	2	497
201.1	18.806	2.77	121.587	3.798	1.752662943	2	498
167.133	2.373	2.738	34.328	4.258	3.177594498	2	499
178.027	10.879	2.742	71.547	4.361	2.469696862	2	500
176.61	10.488	2.833	100.654	4.389	1.874331035	2	501
160.838	4.97	2.714	28.028	4.249	2.741785631	2	502
172.236	6.34	2.776	54.439	4.046	2.685836646	2	503
182.114	11.389	2.714	83.532	3.416	1.805663943	2	504
179.085	11.747	2.717	74.069	3.438	1.866163237	2	505
174.193	17.211	2.721	64.088	3.894	1.773274348	2	506
171.797	13.334	2.751	81.387	3.897	2.35798056	2	507
167.73	12.1	2.809	62.638	4.034	1.933623932	2	508
178.633	14.169	2.755	82.163	3.702	1.855955048	2	509
172.515	2.626	2.792	32.327	4.626	3.827163451	2	510
181.96	15.105	2.721	50.678	4.301	1.90871015	2	511
156.264	11.421	2.848	32.961	4.54	2.548152242	2	512
171.747	11.538	2.807	66.135	4.008	2.149058918	2	513
156.044	9.374	2.808	34.353	4.084	2.661410375	2	514
182.004	7.168	2.734	34.586	4.079	1.977970397	2	515
160.78	14.07	2.771	25.068	3.967	2.239049093	2	516
162.57	7.237	2.722	27.475	3.781	2.129067645	2	517
162.07	5.529	2.758	32.299	3.921	2.566136859	2	518
161.192	3.764	2.741	55.45	4.526	3.622026272	2	519
165.895	11.287	2.729	51.125	3.656	2.096357239	2	520
156.48	8.15	2.736	43.864	3.602	2.829814974	2	521
161.942	3.086	2.704	25.779	3.797	3.305286435	2	522
166.357	3.805	2.727	35.849	4.638	4.21204389	2	523
173.373	9.542	2.785	64.381	4.308	2.265004246	2	524
166.015	-0.157	2.716	29.063	4.654	4.207482163	2	525
164.616	2.621	2.709	30.414	4.804	3.930741457	2	526
161.752	4.716	2.735	39.558	4.088	3.147034145	2	527
167.958	6.615	2.784	57.314	4.194	2.687211373	2	528
183.063	13.515	2.732	104.812	3.71	2.119519818	2	529
171.965	8.2	2.728	65.288	4.368	2.451659044	2	530
165.946	3.76	2.722	35.148	4.779	3.462038133	2	531
166.502	1.162	2.719	25.983	4.946	3.515758105	2	532
161.174	2.044	2.736	39.384	3.93	4.002187495	2	533
164.235	5.879	2.702	34.183	5.072	3.062664699	2	534
194.562	13.085	2.718	78.408	3.628	2.304074561	2	535
173.199	12.994	2.794	63.436	3.985	2.318090478	2	536
176.566	10.595	2.756	66.669	3.903	2.466990628	2	537
160.065	2.496	2.749	33.239	4.645	3.55070948	2	538
157.042	7.623	2.739	44.271	3.612	2.858880527	2	539
161.245	1.967	2.742	33.319	4.815	3.826418537	2	540
164.798	11.426	2.742	67.283	3.667	2.724993092	2	541
167.77	5.899	2.73	30.459	4.8	2.844357868	2	542
177.197	9.837	2.711	69.846	4.183	2.525358423	2	543
165.947	13.134	2.768	36.143	3.97	1.94792362	2	544
165.009	10.697	2.732	36.913	5.517	2.649365044	2	545
151.669	6.716	2.776	26.42	3.959	3.393971064	2	546
157.223	7.258	2.743	29.506	3.566	2.37533983	2	547
160.338	2.239	2.711	25.594	4.967	4.17152947	2	548
176.203	10.348	2.81	72.017	4.305	2.137398425	2	549
181.849	12.819	2.738	122.321	3.534	1.984419289	2	550
155.674	9.269	2.794	48.169	4.379	2.859228991	2	551
149.932	4.795	2.789	28.788	4.505	2.974664107	2	552
172.245	1.928	2.717	35.976	4.617	2.365527294	2	553
168.943	7.324	2.781	54.182	4.041	2.242501674	2	554
170.887	10.085	2.748	39.422	4.448	2.497177153	2	555
153.786	8.576	2.76	28.659	3.995	2.76320405	2	556
164.673	10.831	2.76	67.963	4.125	2.84468278	2	557
186.944	13.739	2.81	95.81	4.178	2.43241445	2	558
163.896	2.812	2.68	26.435	4.858	3.060510865	2	559
178.22	7.472	2.79	39.051	4.525	2.702696719	2	560
161.772	2.652	2.733	28.052	4.883	3.773541153	2	561
167.519	9.63	2.76	52.515	4.147	2.934927988	2	562
173.531	7.375	2.743	70.491	3.73	2.570919865	2	563
175.537	6.207	2.752	139.491	3.931	1.81693694	2	564
195.633	16.305	2.715	67.344	3.329	1.358201437	2	565
159.961	5.709	2.746	32.152	4.193	2.756032545	2	566
158.614	11.348	2.779	36.198	4.147	2.683866199	2	567
173.326	5.516	2.717	38.062	4.47	2.641438414	2	568
169.962	14.182	2.792	62.877	4.007	2.661971614	2	569
167.403	10.082	2.759	53.617	3.876	2.350087067	2	570
172.452	8.028	2.741	46.958	3.961	3.03559862	2	571
155.305	5.355	2.84	32.479	4.225	3.018970393	2	572
167.16	9.092	2.754	36.569	4.111	2.290993454	2	573
163.25	5.678	2.777	32.05	3.85	2.915158083	2	574
159.517	9.143	2.731	60.888	4.606	2.906402929	2	575
183.515	8.917	2.753	96.193	3.849	2.245196702	2	576
162.983	4.981	2.699	27.772	3.666	2.388118971	2	577
162.379	9.137	2.734	40.646	4.378	2.422268021	2	578
160.039	1.422	2.736	28.907	4.744	3.165887721	2	579
178.563	13.98	2.737	93.001	4.041	2.315645027	2	580
162.731	10.525	2.711	59.873	3.943	2.738206403	2	581
173.192	9.158	2.8	36.988	3.979	2.891271448	2	582
200.327	11.298	2.737	111.338	4.228	1.985745229	2	583
159.674	5.995	2.762	37.611	3.81	2.746523665	2	584
162.857	8.394	2.714	29.982	3.583	2.009323393	2	585
160.192	8.861	2.775	58.897	4.308	2.579098471	2	586
152.061	16.46	2.849	33.692	4.522	2.075232988	2	587
168.284	10.666	2.738	52.79	3.87	2.200311398	2	588
165.79	5.125	2.782	30.004	5.126	3.687012495	2	589
188.06	14.248	2.743	69.018	3.644	1.37716049	2	590
168.066	4.34	2.736	43.498	4.675	2.878430446	2	591
162.021	4.639	2.716	33.347	4.909	3.13885824	2	592
171.636	8.047	2.721	54.557	4.536	2.99993572	2	593
173.597	14.901	2.71	71.79	3.194	2.272201434	2	594
157.993	6.728	2.702	37.431	3.286	2.545351657	2	595
184.16	8.569	2.736	92.958	3.766	2.521505509	2	596
163.787	6.287	2.745	30.722	4.409	2.748685629	2	597
159.469	13.329	2.744	48.474	3.925	2.289684808	2	598
251.72	21.637	2.73	111.539	3.433	1.1513392	2	599
165.722	6.023	2.768	41.206	4.203	2.969816006	2	600
149.028	10.887	2.826	22.235	2.914	3.451950761	3	601
159.691	15.685	2.834	19.045	3.212	2.192001219	3	602
147.999	5.824	2.824	23.397	2.853	3.723382271	3	603
153.71	8.104	2.885	10.475	2.99	2.891763188	3	604
159.253	10.463	2.829	19.366	3.103	2.335720604	3	605
154.802	8.651	2.856	24.131	3.162	2.910607332	3	606
146.701	3.882	2.819	16	2.932	3.934011668	3	607
153.828	8.844	2.83	11.235	3.03	2.647500331	3	608
144.777	7.483	2.896	22.697	3.329	3.57714411	3	609
150.07	2.919	2.898	14.219	3.513	4.005509628	3	610
154.545	7.434	2.855	24.986	3.334	2.93566443	3	611
152.169	7.1	2.851	24.794	3.124	2.417382002	3	612
151.916	9.512	2.838	24.848	3.154	2.438627775	3	613
148.308	6.588	2.844	13.236	3.254	3.602120137	3	614
152.582	5.383	2.825	24.242	2.893	2.658137372	3	615
157.624	7.321	2.795	18.73	2.771	1.653424784	3	616
150.511	2.443	2.884	14.463	3.299	4.180797078	3	617
154.094	5.803	2.86	21.746	3.193	3.474353089	3	618
150.511	2.443	2.884	14.463	3.299	4.180797078	3	619
155	5.504	2.837	15.131	3.081	2.790263343	3	620
153.746	2.393	2.799	12.409	2.902	3.906315697	3	621
152.755	8.03	2.838	18.769	3.081	2.938944805	3	622
154.633	7.482	2.831	16.729	3	2.972441218	3	623
147.896	5.164	2.872	14.736	3.155	3.824349174	3	624
144.888	6.043	2.84	17.269	3.017	3.399838757	3	625
151.737	6.999	2.864	19.917	2.728	2.978329366	3	626
156.247	2.973	2.84	23.539	3.055	3.576916841	3	627
147.563	3.972	2.859	11.303	3.269	3.480495896	3	628
151.078	7.066	2.876	21.785	2.605	2.947088011	3	629
149.168	6.007	2.837	22.267	2.906	3.458733912	3	630
153.539	4.631	2.826	18.232	3.026	2.580601129	3	631
152.272	9.173	2.84	24.911	3.162	2.448918006	3	632
156.89	14.673	2.798	19.537	2.707	2.458335626	3	633
154.384	7.57	2.849	14.877	3.216	3.279650749	3	634
154.815	5.378	2.838	14.804	3.14	2.882902887	3	635
151.269	9.673	2.806	12.018	2.886	2.194206203	3	636
145.045	4.15	2.829	18.947	3.083	3.25120931	3	637
151.188	4.688	2.854	14.426	3.029	4.618725006	3	638
144.812	6.227	2.844	19.096	2.995	3.368152763	3	639
158.806	7.446	2.793	18.642	2.768	1.659374182	3	640
146.701	3.882	2.819	16	2.932	3.934011668	3	641
156.688	7.844	2.847	22.43	3	2.888210393	3	642
151.844	6.598	2.826	18.965	3.151	3.225139667	3	643
148.266	7.293	2.892	17.339	2.886	3.474516232	3	644
159.081	3.468	2.837	11.629	3.235	3.158799281	3	645
146.935	3.863	2.854	22.368	3.091	3.565431972	3	646
158.332	9.754	2.808	15.208	2.897	1.632467415	3	647
151.383	8.368	2.861	10.747	3.327	2.706426733	3	648
151.99	6.392	2.842	24.774	2.699	2.240851153	3	649
156.931	9.57	2.835	23.225	3.213	2.584307473	3	650
159.456	8.184	2.809	11.039	3.002	2.420353532	3	651
151.406	6.714	2.868	24.9	3.06	3.29616766	3	652
155.217	13.144	2.803	20.651	2.966	2.640537087	3	653
152.769	6.233	2.882	10.644	2.992	2.965147587	3	654
147.879	6.186	2.829	11.108	2.943	3.207255911	3	655
153.654	7.044	2.826	17.834	2.892	2.556129955	3	656
147.415	8.294	2.86	19.691	2.907	2.617714137	3	657
154.036	8.717	2.843	18.807	3.008	2.391873299	3	658
155.166	6.186	2.852	10.966	3.248	2.786524281	3	659
156.085	6.792	2.833	21.959	2.923	2.667409988	3	660
150.541	5.165	2.851	22.628	2.629	2.594417966	3	661
151.472	3.493	2.845	12.411	3.253	4.629687632	3	662
150.399	9.432	2.809	12.156	2.768	2.212065025	3	663
152.253	9.384	2.852	16.156	3.142	2.92533788	3	664
155.353	7.817	2.889	11.726	2.971	2.941884448	3	665
148.96	7.342	2.895	15.538	3.268	2.747620747	3	666
155.217	13.144	2.803	20.651	2.966	2.640537087	3	667
144.446	8.712	2.887	19.068	2.77	3.557587437	3	668
154.082	9.972	2.809	20.582	3.012	3.235046163	3	669
151.702	8.331	2.833	14.413	3.02	3.191670063	3	670
151.269	9.673	2.806	12.018	2.886	2.194206203	3	671
161.715	10.652	2.834	23.49	3.205	2.627523567	3	672
151.098	7.444	2.825	13.979	2.981	2.855850353	3	673
148.38	10.254	2.824	17.307	3.072	3.219375973	3	674
150.293	3.966	2.826	12.661	3.081	3.313138639	3	675
146.439	8.315	2.896	18.268	2.931	2.588100197	3	676
150.624	6.625	2.829	16.866	3.017	3.052965435	3	677
158.187	6.185	2.852	16.113	2.91	2.97129812	3	678
152.878	7.312	2.835	19.249	3.071	2.325415083	3	679
151.742	6.445	2.827	13.193	3.011	2.617768593	3	680
149.857	4.873	2.872	20.597	3.224	3.369424603	3	681
155.563	6.153	2.847	21.825	3.293	2.915816516	3	682
156.047	11.145	2.835	14.452	3.079	2.501738258	3	683
151.872	8.256	2.867	9.318	3.118	2.864131204	3	684
148.72	6.307	2.826	16.398	3.148	3.363276071	3	685
157.348	11.728	2.883	9.508	3.105	2.284615693	3	686
157.523	6.938	2.825	24.656	3.008	2.512482941	3	687
152.874	6.496	2.831	14.397	3.152	3.230084216	3	688
158.308	9.86	2.831	10.412	3.132	2.152954567	3	689
157.513	6.528	2.855	19.603	2.731	2.589174101	3	690
150.111	6.072	2.851	17.078	3.086	3.064903661	3	691
164.663	10.308	2.77	9.534	2.675	2.146376133	3	692
148.439	4.237	2.868	12.694	3.292	3.649497445	3	693
154.526	6.72	2.825	16.818	2.902	1.964843955	3	694
151.739	8.017	2.849	15.521	3.229	2.613966492	3	695
164.946	7.837	2.778	12.779	2.768	2.286573224	3	696
149.87	7.147	2.869	14.054	2.727	2.592923634	3	697
148.72	6.307	2.826	16.398	3.148	3.363276071	3	698
151.418	6.689	2.864	19.715	2.739	2.998963841	3	699
151.098	7.444	2.825	13.979	2.981	2.855850353	3	700
161.552	7.219	2.784	17.671	2.849	2.321136346	3	701
159.096	7.643	2.827	13.395	2.909	2.598248668	3	702
148.963	5.266	2.84	19.767	3.056	3.388693244	3	703
152.958	1.925	2.827	12.155	2.936	3.840150589	3	704
153.962	5.885	2.835	24.64	2.721	2.47833558	3	705
153.021	6.781	2.853	23.342	3.081	2.621267703	3	706
154.923	6.978	2.886	9.17	2.839	2.79774521	3	707
153.2	5.023	2.871	10.722	2.874	2.697029591	3	708
153.215	6.558	2.842	20.063	3.032	2.574392451	3	709
157.41	4.807	2.82	20.639	2.802	2.516844624	3	710
158.003	11.662	2.88	8.825	3.119	2.262968138	3	711
159.626	6.877	2.819	19.053	3.103	2.966781669	3	712
154.414	4.946	2.859	20.653	3.167	3.421283681	3	713
155.478	8.429	2.84	19.143	3.19	2.614232617	3	714
157.3	14.81	2.794	18.608	2.771	2.412877002	3	715
154.66	5.053	2.826	18.672	3.127	3.935483888	3	716
151.189	8.744	2.849	17.517	2.867	2.367335417	3	717
149.77	7.55	2.86	13.049	2.754	2.59196789	3	718
167.655	11.966	2.812	12.285	2.956	1.715577192	3	719
152.554	8.132	2.851	12.249	3.22	3.077667992	3	720
157.969	9.382	2.844	21.632	3.258	2.597941874	3	721
152.71	6.104	2.818	16.446	3.087	2.62306209	3	722
143.238	7.22	2.908	16.999	3.224	3.884892404	3	723
146.017	8.1	2.908	18.028	2.855	2.63368252	3	724
151.544	3.268	2.83	13.015	3.142	4.260546966	3	725
148.426	9.766	2.854	15.26	2.877	2.569248637	3	726
170.141	4.628	2.836	21.83	3.157	3.457351189	3	727
150.369	6.736	2.843	19.109	3.093	3.162997887	3	728
154.884	6.883	2.801	18.739	2.781	1.666817391	3	729
151.123	7.616	2.846	24.951	3.125	3.162084147	3	730
150.776	3.909	2.85	12.484	2.94	4.061241765	3	731
148.625	6.539	2.835	10.855	2.841	3.038321258	3	732
151.814	8.26	2.839	24.096	3.061	2.908363828	3	733
152.833	6.47	2.827	24.228	3.043	2.832545954	3	734
152.82	5.022	2.869	24.455	3.129	3.080767862	3	735
144.152	7.314	2.9	20.832	3.314	3.673808377	3	736
147.229	6.965	2.86	19.529	3.081	2.957609681	3	737
149.774	3.299	2.859	12.437	3.31	4.629630798	3	738
149.088	3.625	2.85	13.098	3.18	3.584407898	3	739
153.405	4.887	2.873	18.157	3.142	3.506191036	3	740
156.615	8.065	2.796	24.582	2.906	2.308828964	3	741
148.345	8.41	2.88	24.067	2.513	2.5369345	3	742
159.456	8.184	2.809	11.039	3.002	2.420353532	3	743
154.689	7.345	2.829	18.247	3.126	2.715863846	3	744
151.618	7.735	2.841	16.177	2.912	2.243157153	3	745
144.777	7.483	2.896	22.697	3.329	3.57714411	3	746
155.152	5.81	2.808	12.702	2.985	2.138362706	3	747
169.29	14.578	2.853	21.025	3.241	2.15276825	3	748
154.526	6.72	2.825	16.818	2.902	1.964843955	3	749
149.327	8.12	2.849	22.198	3.133	3.248792255	3	750
152.629	7.222	2.816	15.558	3.054	2.876864181	3	751
154.383	4.76	2.87	19.535	3.128	3.42657079	3	752
157.543	8.419	2.826	17.509	2.922	2.800434558	3	753
154.499	6.715	2.794	13.402	2.819	2.288707431	3	754
146.817	3.841	2.812	16	2.946	3.925645988	3	755
159.096	7.643	2.827	13.395	2.909	2.598248668	3	756
150.491	8.266	2.796	23.33	2.681	2.978853129	3	757
153.021	6.781	2.853	23.342	3.081	2.621267703	3	758
159.456	8.184	2.809	11.039	3.002	2.420353532	3	759
151.736	3.611	2.857	18.687	3.22	2.580642193	3	760
151.422	4.935	2.832	24.041	2.873	2.681906646	3	761
151.572	5.772	2.835	12.937	3.198	2.66905362	3	762
166.16	11.063	2.824	9.837	2.917	2.255019093	3	763
149.254	10.639	2.834	22.675	2.826	3.382555342	3	764
151.833	6.962	2.848	21.995	3.247	3.394406673	3	765
151.1	9.907	2.827	24.627	2.925	3.221957223	3	766
156.016	8.199	2.859	18.73	2.749	2.330574067	3	767
156.89	14.673	2.798	19.537	2.707	2.458335626	3	768
150.846	9.13	2.81	18.304	3.013	3.320151273	3	769
155.555	8.327	2.81	23.232	3.01	2.839745706	3	770
149.988	5.115	2.843	20.338	3.195	2.916760216	3	771
154.526	6.72	2.825	16.818	2.902	1.964843955	3	772
147.046	5.499	2.85	16.644	3.231	3.272435046	3	773
154.067	6.653	2.801	18.527	2.782	1.720233748	3	774
152.195	7.256	2.871	23.342	2.634	2.924931788	3	775
152.311	9.272	2.852	20.907	3.054	2.532344089	3	776
156.06	7.872	2.859	14.197	2.694	2.275824832	3	777
163.919	4.378	2.846	22.727	3.301	3.145611228	3	778
150.5	6.663	2.845	22.006	2.892	2.927755718	3	779
150.116	10.682	2.833	23.411	3.041	3.254652711	3	780
146.206	7.779	2.903	21.043	2.831	2.823766921	3	781
150.107	7.466	2.804	19.967	2.966	2.136216239	3	782
153.505	5.991	2.847	24.926	3.066	3.014286108	3	783
150.901	11.412	2.829	21.533	3.017	2.840637341	3	784
145.045	4.15	2.829	18.947	3.083	3.25120931	3	785
151.642	7.367	2.901	20.61	3.079	2.805934257	3	786
151.475	5.925	2.851	19.96	2.667	2.919530987	3	787
151.714	3.417	2.885	14.326	3.057	4.628792657	3	788
150.547	8.954	2.819	16.361	3.054	2.607911597	3	789
150.368	9.39	2.827	13.098	2.965	2.48084883	3	790
158.158	7.402	2.858	24.597	3.305	3.03237294	3	791
153.734	6.223	2.864	21.988	3.02	3.10269777	3	792
158.672	7.983	2.797	23.538	2.834	2.407606723	3	793
159.303	7.91	2.835	21.788	2.793	2.743951674	3	794
153.139	7.309	2.827	16.334	3.039	2.62417583	3	795
157.739	10.757	2.846	18.86	2.852	2.914384945	3	796
151.382	6.339	2.826	13.41	3.031	2.618935661	3	797
152.225	8.172	2.833	14.958	3.021	3.211980266	3	798
149.699	9.401	2.841	14.032	3.241	2.9628441	3	799
159.176	10.966	2.807	18.71	2.873	2.158537381	3	800
154.366	2.229	2.8	16.606	3.152	3.87926876	4	801
153.012	6.631	2.809	19.448	3.84	3.006601658	4	802
154.061	10.145	2.758	20.38	3.368	2.666496452	4	803
158.57	13.555	2.777	14.002	3.376	2.227243782	4	804
162.55	13.13	2.784	10.289	3.277	2.12268761	4	805
154.159	6.586	2.792	19.122	3.626	3.025830798	4	806
155.791	6.55	2.806	23.149	3.421	3.255272505	4	807
151.649	2.731	2.824	12.158	3.459	3.945066849	4	808
149.305	6.233	2.805	23.518	3.457	3.327638224	4	809
156.415	2.727	2.831	22.065	3.766	3.018088978	4	810
163.542	7.598	2.801	14.132	3.701	2.427387099	4	811
163.625	6.01	2.827	11.921	3.716	2.849381327	4	812
160.246	11.463	2.745	18.318	3.116	2.074991878	4	813
147.563	5.784	2.8	18.543	3.721	3.595529509	4	814
156.02	3.412	2.78	11.039	3.785	2.963656103	4	815
154.041	7.14	2.759	11.202	3.553	2.345361966	4	816
161.249	11.038	2.833	23.896	3.596	2.609912278	4	817
160.234	6.973	2.729	18.009	3.008	1.895715292	4	818
157.806	6.253	2.784	17.792	3.465	2.758534937	4	819
179.084	15.95	2.715	11.587	3	1.596630079	4	820
152.615	9.526	2.805	12.416	3.709	2.449321006	4	821
153.581	1.695	2.812	18.606	3.98	4.289200188	4	822
153.77	2.914	2.791	12.303	3.9	3.625844393	4	823
155.998	8.365	2.793	23.273	3.921	2.346701053	4	824
149.37	3.692	2.788	11.713	3.825	3.294153951	4	825
158.39	10.856	2.788	12.954	3.594	1.934336823	4	826
164.192	8.311	2.75	14.856	3.329	2.634278719	4	827
159.084	9.073	2.777	19.981	3.501	2.110956517	4	828
167.404	8.327	2.829	24.163	3.656	2.399249602	4	829
164.442	6.856	2.789	19.284	3.376	2.620376569	4	830
168.84	14.648	2.737	14.415	3.274	1.603068554	4	831
147.499	9.334	2.808	17.785	3.836	2.03564183	4	832
160.758	10.978	2.74	14.722	3.216	1.964339786	4	833
149.527	6.36	2.759	17.396	3.449	3.584916223	4	834
152.753	7.432	2.806	16.392	3.526	2.836632317	4	835
148.493	11.619	2.806	18.209	3.649	2.637877819	4	836
169.705	12.701	2.759	17.99	3.152	2.133883652	4	837
154.813	7.176	2.769	16.845	3.334	2.657854832	4	838
155.288	8.223	2.842	22.376	3.422	2.64679373	4	839
150.209	7.787	2.801	19.242	3.636	3.25303787	4	840
162.236	8.382	2.747	16.308	3.422	1.813767742	4	841
152.421	3.172	2.829	16.68	3.859	3.788038629	4	842
165.714	4.646	2.751	21.823	3.398	2.078804694	4	843
170.563	13.678	2.758	12.232	3.151	1.625024198	4	844
153.671	5.011	2.82	15.637	3.285	3.121962111	4	845
163.508	8.421	2.75	11.233	3.532	2.771813755	4	846
159.918	10.473	2.785	21.381	3.45	2.043931793	4	847
156.443	11.486	2.769	12.163	3.212	2.510105131	4	848
151.871	7.456	2.802	14.024	3.477	2.44119537	4	849
154.748	4.975	2.757	16.784	3.582	4.059077622	4	850
152.214	7.161	2.789	18.751	3.69	2.89618107	4	851
149.33	9.118	2.814	12.914	3.891	2.531847911	4	852
150.963	2.52	2.816	11.708	3.624	4.121974147	4	853
165.346	11.667	2.797	22.232	3.056	1.837076831	4	854
156.563	10.089	2.761	16.796	3.44	2.107230327	4	855
156.162	8.934	2.812	24.678	3.475	2.595651614	4	856
153.56	9.553	2.806	21.089	3.47	2.455666955	4	857
162.732	4.274	2.767	22.803	3.068	2.879611334	4	858
152.416	5.634	2.788	17.035	3.643	2.585256507	4	859
151.682	3.616	2.817	14.945	3.524	3.920134758	4	860
150.163	5.942	2.815	23.783	3.277	2.881647094	4	861
157.999	6.48	2.782	13.504	3.313	2.386011783	4	862
159.151	4.563	2.832	12.482	3.929	3.44611074	4	863
168.486	9.229	2.763	12.016	3.23	2.369842719	4	864
151.949	3.978	2.782	21.299	3.471	2.706755323	4	865
156.361	10.572	2.726	15.106	3.062	2.336259552	4	866
152.109	4.767	2.817	19.109	3.423	3.221383719	4	867
152.969	8.265	2.817	13.497	3.298	2.842049163	4	868
150.248	7.983	2.792	13.8	3.842	2.893549277	4	869
149.551	3.866	2.796	12.621	3.407	3.56241445	4	870
152.969	4.255	2.842	9.98	3.877	3.759858741	4	871
155.678	10.993	2.747	13.946	3.399	2.397486368	4	872
163.416	8.425	2.75	24.391	3.133	2.461339426	4	873
164.09	10.806	2.729	11.948	3.216	2.366262285	4	874
156.492	7.705	2.813	24.295	3.634	2.413774043	4	875
149.575	6.205	2.78	15.851	3.788	2.959269933	4	876
155.355	8.345	2.746	12.019	3.28	2.232337821	4	877
158.988	5.543	2.771	23.911	3.178	2.846958414	4	878
155.388	7.285	2.849	7.417	3.36	2.247002995	4	879
149.94	1.837	2.8	13.774	3.765	3.431247293	4	880
153.789	7.931	2.793	18.765	3.765	3.013235497	4	881
149.103	7.952	2.797	20.539	3.09	2.415567591	4	882
178.811	18.09	2.668	8.938	3.031	1.628480889	4	883
152.274	10.344	2.827	23.881	3.862	2.71094453	4	884
163.77	4.303	2.788	12.958	3.872	2.544800763	4	885
161.575	5.268	2.786	17.925	3.129	2.361287654	4	886
150.486	6.563	2.801	22.817	3.247	3.059936213	4	887
162.7	10.627	2.731	14.459	3.287	2.284372072	4	888
152.393	1.731	2.8	14.967	3.7	4.545222328	4	889
160.648	7.771	2.772	12.694	3.366	2.487414143	4	890
153.022	7.266	2.768	18.523	3.411	2.943219409	4	891
150.981	8.961	2.749	23.466	3.048	3.005727756	4	892
156.897	8.597	2.776	16.484	3.698	2.517670854	4	893
151.868	6.822	2.777	19.475	3.611	2.91529006	4	894
156.2	7.044	2.782	20.874	3.31	2.383120298	4	895
150.903	6.884	2.824	17.324	3.159	3.10634969	4	896
149.872	6.206	2.779	20.748	3.224	3.253091221	4	897
156.782	6.451	2.779	23.718	3.682	2.334363264	4	898
165.342	12.257	2.781	13.943	3.769	2.1092511	4	899
162.624	3.372	2.787	12.633	3.472	3.009888794	4	900
162.097	5.617	2.792	18.881	3.49	3.582735885	4	901
164.953	16.123	2.715	21.02	3.094	1.938069186	4	902
152.829	6.491	2.821	22.671	3.354	3.001516511	4	903
154.566	6.704	2.809	23.695	3.678	2.67209139	4	904
155.352	6.905	2.81	16.294	3.473	3.995709194	4	905
164.323	11.427	2.737	17.043	3.04	2.051569245	4	906
151.592	2.892	2.812	18.801	3.707	3.736874202	4	907
151.321	6.3	2.823	11.628	3.16	2.860889958	4	908
163.219	3.946	2.761	15.679	3.561	3.165427742	4	909
154.481	5.175	2.759	14.768	3.527	2.455035298	4	910
173.667	13.428	2.743	11.637	2.95	1.737478896	4	911
162.08	12.092	2.774	18.49	2.988	2.170144323	4	912
147.33	11.865	2.893	13.306	4.007	2.461756566	4	913
154.223	5.491	2.82	12.791	3.345	2.457836498	4	914
156.665	10.424	2.791	23.565	3.708	2.902759254	4	915
146.307	5.991	2.772	12.54	3.613	3.388039891	4	916
157.762	6.364	2.797	9.904	3.065	2.525099252	4	917
158.871	7.472	2.801	21.389	3.143	2.588558527	4	918
162.957	3.716	2.795	20.091	3.766	3.686791372	4	919
161.479	11.249	2.737	12.36	3.289	2.222508376	4	920
161.633	10.374	2.84	13.409	3.612	2.703164081	4	921
156.517	8.467	2.864	10.524	3.63	1.974939789	4	922
152.329	3.289	2.817	13.38	4.021	4.042220214	4	923
158.68	4.23	2.801	17.659	3.448	3.235749073	4	924
156.509	10.971	2.8	15.716	3.31	2.613535277	4	925
151.561	6.089	2.81	16.62	3.282	2.96972242	4	926
159.014	9.331	2.79	21.473	3.903	2.744642625	4	927
154.916	6.631	2.798	13.553	3.363	2.619188322	4	928
151.212	4.387	2.755	16.214	3.241	2.822758946	4	929
156.747	8.591	2.825	22.113	3.366	2.879498434	4	930
168.805	9.96	2.776	20.209	3.497	2.492535503	4	931
151.76	3.083	2.818	10.158	3.808	4.629709169	4	932
152.876	9.874	2.843	23.152	3.379	2.818782595	4	933
174.41	13.063	2.707	12.271	3.109	1.77530455	4	934
149.956	1.81	2.796	13.218	3.821	3.45401403	4	935
161.324	7.992	2.79	23.959	3.267	2.418700592	4	936
150.128	5.469	2.796	24.833	3.756	2.902897226	4	937
162.608	10.747	2.801	10.333	3.188	2.014142362	4	938
152.592	7.12	2.801	22.869	3.136	2.914731257	4	939
169.357	9.723	2.712	14.479	3.18	2.242819606	4	940
156.574	5.722	2.81	24.038	3.316	3.478535041	4	941
156.143	10.091	2.817	23.93	3.44	2.808648424	4	942
152.764	6.747	2.813	24.86	3.381	3.097628263	4	943
154.968	6.821	2.766	14.704	3.126	3.170366462	4	944
156.83	7.418	2.74	17.831	3.016	3.127874179	4	945
158.511	2.894	2.784	17.567	3.821	3.530509871	4	946
156.108	9.518	2.837	11.117	3.324	2.268872705	4	947
155.031	9.669	2.762	17.963	3.595	2.453079718	4	948
149.112	3.898	2.823	14.951	3.925	3.674619135	4	949
158.243	7.206	2.791	19.431	3.419	2.569737815	4	950
149.739	8.667	2.766	22.079	3.576	2.81408104	4	951
161.557	6.506	2.795	13.324	3.014	3.171028097	4	952
159.759	7.702	2.747	22.398	3.408	2.568529082	4	953
158.539	9.054	2.797	20.64	3.484	2.2304106	4	954
151.893	9.436	2.793	14.961	3.325	3.257687932	4	955
150.864	8.073	2.792	13.942	3.812	2.869165397	4	956
152.417	8.952	2.811	21.619	3.751	2.79586334	4	957
158.448	10.163	2.791	14.709	3.16	2.656033964	4	958
152.902	2.028	2.781	13.067	3.779	4.349851059	4	959
164.84	12.263	2.762	13.699	3.347	2.28563381	4	960
153.364	4.769	2.832	24.467	3.41	3.004752874	4	961
151.065	6.677	2.751	17.152	3.025	2.773049567	4	962
154.612	6.875	2.795	16.066	3.122	3.117317706	4	963
156.389	10.17	2.797	13.437	3.66	2.040281841	4	964
157.63	6.092	2.803	16.083	3.316	2.48689782	4	965
154.274	7.101	2.77	14.173	3.197	2.726643275	4	966
159.972	7.973	2.826	22.179	3.356	2.089700274	4	967
156.35	6.677	2.757	9.9	3.354	2.367038938	4	968
158.68	2.484	2.741	17.47	2.838	3.017202013	4	969
149.104	8.99	2.829	13.574	3.734	2.523739965	4	970
149.321	6.561	2.841	19.362	3.434	3.45349615	4	971
152.608	1.379	2.814	18.59	3.989	3.450479439	4	972
160.406	6.713	2.756	18.454	3.113	1.930648536	4	973
151.187	7.21	2.738	11.118	3.14	2.769981078	4	974
164.833	10.886	2.741	14.179	3.244	2.318726797	4	975
154.518	6.885	2.802	19.372	3.002	2.884680405	4	976
159.228	7.685	2.762	16.711	3.277	2.843432744	4	977
156.499	5.482	2.763	20.154	3.384	2.63361185	4	978
151.022	7.283	2.775	19.302	3.208	3.23089627	4	979
153.644	15.342	2.726	22.481	3.079	2.283504757	4	980
156.126	3.147	2.778	20.755	3.593	2.969749892	4	981
153.684	6.235	2.798	14.894	3.49	2.657226094	4	982
169.046	15.831	2.734	21.035	3.151	1.473968441	4	983
164.254	6.328	2.759	14.856	2.976	2.252202315	4	984
164.755	9.978	2.717	13.499	3.214	2.294510315	4	985
157.597	7.122	2.755	21.803	3.026	3.050818856	4	986
160.216	3.433	2.787	19.505	3.642	3.352431828	4	987
150.987	8.566	2.807	17.835	3.522	2.381055485	4	988
148.742	10.781	2.805	23.13	3.091	3.3974695	4	989
158.432	10.379	2.8	12.692	3.298	2.629304581	4	990
152.215	6.528	2.785	14.145	3.043	3.27213808	4	991
159.786	13.382	2.761	21.353	3.436	2.131849542	4	992
150.77	4.836	2.819	15.115	3.215	3.219592908	4	993
151.528	6.424	2.822	17.723	3.289	3.150604794	4	994
159.909	10.294	2.806	20.417	3.594	2.519863418	4	995
156.031	1.087	2.829	12.599	3.477	3.443508314	4	996
155.25	11.74	2.828	12.432	3.295	2.28474647	4	997
151.694	6.86	2.797	22.722	3.394	2.754139549	4	998
157.477	12.55	2.784	15.122	3.622	2.542228951	4	999
174.637	10.717	2.709	23.333	3.051	2.08492286	4	1000
157.434	8.278	2.844	63.817	3.425	2.958348355	5	1001
161.796	7.721	2.866	72.919	3.119	2.59830124	5	1002
151.201	7.179	2.824	40.74	2.798	2.784657226	5	1003
151.945	7.4	2.769	26.237	3.679	2.751932364	5	1004
181.84	15.94	2.842	80.685	3.65	1.908088075	5	1005
161.56	11.862	2.793	37.237	3.724	2.068119042	5	1006
203.664	13.673	2.77	129.07	2.821	1.936955854	5	1007
165.321	10.283	2.891	70.668	2.615	2.362220386	5	1008
157.085	8.7	2.791	48.65	3.584	2.631544213	5	1009
170.671	17.937	2.813	103.678	3.708	1.772673695	5	1010
174.117	9.836	2.817	48.372	3.162	2.084869283	5	1011
171.876	14.766	2.806	98.509	3.563	2.166427153	5	1012
165.999	11.262	2.774	36.196	3.677	2.342442421	5	1013
159.849	11.575	2.787	66.188	3.142	2.589808907	5	1014
160.232	6.936	2.771	47.606	3.404	2.948872937	5	1015
167.808	8.238	2.757	79.498	2.985	2.490837422	5	1016
158.605	7.28	2.821	41.631	3.212	2.841624097	5	1017
159.671	13.037	2.835	52.368	3.349	2.362056265	5	1018
153.228	7.385	2.81	29.429	3.429	3.030772515	5	1019
156.466	9.243	2.847	75.605	3.304	3.06842744	5	1020
159.626	6.75	2.853	47.427	3.456	2.567726087	5	1021
164.874	11.051	2.779	31.427	3.657	2.246855422	5	1022
159.847	12.151	2.819	50.461	3.728	1.885909397	5	1023
168.971	7.702	2.8	48.117	3.416	2.252430662	5	1024
173.388	12.397	2.811	77.788	3.505	1.794104471	5	1025
162.66	9.306	2.727	43.241	3.204	2.615168039	5	1026
166.536	11.354	2.82	51.737	3.418	2.286737076	5	1027
168.59	11.572	2.789	60.195	3.686	2.039897721	5	1028
172.998	13.411	2.725	93.12	2.983	2.130986328	5	1029
196.008	16.149	2.751	137.449	3.429	1.749519887	5	1030
176.254	8.496	2.789	62.356	3.707	2.899513544	5	1031
150.436	6.737	2.83	49.126	3.451	3.095414859	5	1032
152.943	8.236	2.789	28.708	3.282	2.196422151	5	1033
181.826	16.084	2.769	87.978	3.31	1.912636485	5	1034
156.195	9.344	2.826	40.663	3.222	2.747100931	5	1035
177.126	11.237	2.876	79.089	3.439	2.040669575	5	1036
176.737	11.639	2.759	65.043	3.474	2.035385706	5	1037
155.437	17.048	2.785	42.751	3.549	2.5731386	5	1038
154.917	6.286	2.816	34.48	3.522	2.855015518	5	1113
157.038	11.268	2.861	60.908	3.127	2.528142504	5	1114
170.002	9.817	2.835	55.647	2.742	2.511767088	5	1115
165.169	12.297	2.83	56.783	3.746	2.470359031	5	1116
160.13	4.42	2.774	74.064	2.996	2.46561481	5	1117
180.145	14.704	2.777	95.644	3.363	2.129170877	5	1118
159.549	8.758	2.838	38.716	3.034	2.949377807	5	1119
179.854	14.879	2.787	57.36	3.319	1.783660649	5	1120
159.443	9.537	2.788	47.711	3.485	2.494751339	5	1121
177.238	12.701	2.81	86.951	3.33	1.782587274	5	1122
172.028	11.096	2.773	68.595	3.668	1.804391618	5	1123
154.814	8.946	2.851	37.369	3.136	2.48683129	5	1124
181.094	12.222	2.772	61.256	2.928	2.038254454	5	1125
168.501	15.289	2.791	67.408	3.42	1.798650645	5	1126
189.762	12.838	2.789	77.171	3.394	1.986090657	5	1127
152.668	8.526	2.84	37.59	2.993	2.790276717	5	1128
154.483	7.849	2.835	42.677	3.931	2.690138466	5	1129
157.198	7.068	2.781	39.372	3.223	2.941398124	5	1130
161.138	10.275	2.779	52.531	3.613	2.600506786	5	1131
171.498	11.267	2.821	69.676	3.275	2.071126857	5	1132
168.681	12.893	2.765	59.666	3.538	2.310841945	5	1133
185.957	11.56	2.786	89.172	3.698	1.877607437	5	1134
156.179	10.463	2.8	37.352	3.477	2.988334618	5	1135
152.912	9.054	2.845	36.698	3.333	2.666946448	5	1136
154.406	5.848	2.838	40.967	3.083	2.70850758	5	1137
149.034	6.024	2.837	46.307	3.741	2.877823261	5	1138
158.449	14.227	2.815	56.423	3.472	2.417056299	5	1139
155.402	9.704	2.819	36.596	3.535	2.730218457	5	1140
160.348	10.44	2.89	32.409	3.007	2.348462583	5	1141
162.095	12.087	2.771	62.232	3.561	2.446332087	5	1142
176.688	14.547	2.792	92.674	3.279	2.23064048	5	1143
167.204	7.167	2.801	63.754	3.268	2.350846699	5	1144
177.491	7.835	2.808	61.298	3.254	2.531183752	5	1145
180.519	17.048	2.786	98.509	3.097	2.018941706	5	1146
163.965	9.788	2.813	42.778	3.433	2.560350264	5	1147
162.25	11.034	2.779	43.83	3.398	2.183173007	5	1148
170.506	9.575	2.842	74.109	3.353	2.193889508	5	1149
171.141	12.261	2.774	55.387	2.921	2.209919631	5	1150
150.96	2.164	2.832	39.49	3.315	3.161486893	5	1151
154.286	10.791	2.743	29.818	2.966	2.361886419	5	1152
175.964	14.091	2.841	90.337	3.204	2.076855172	5	1153
155.937	5.487	2.856	39.295	3.004	2.666088153	5	1154
165.916	11.857	2.758	69.301	3.215	2.119836321	5	1155
159.91	7.549	2.816	32.669	3.534	2.6397663	5	1156
165.272	7.948	2.797	48.636	3.94	2.948814307	5	1157
161.305	11.559	2.794	69.901	3.501	2.025883175	5	1158
158.9	12.719	2.858	66.001	3.091	2.199253145	5	1159
156.257	12.416	2.847	51.868	3.501	2.55287011	5	1160
184.002	16.396	2.796	89.352	3.371	1.802294711	5	1161
189.892	15.38	2.759	100.48	3.412	2.328263368	5	1162
159.334	9.166	2.809	59.145	3.811	2.677076534	5	1163
164.624	13.178	2.834	67.923	3.723	2.262424984	5	1164
181.544	10.082	2.76	125.679	3.329	1.988541121	5	1165
163.094	5.91	2.75	33.794	3.321	2.337461258	5	1166
168.935	11.95	2.804	66.839	3.642	2.245796347	5	1167
168.955	11.223	2.803	63.456	3.623	2.539577883	5	1168
157.706	7.389	2.794	30.648	3.951	2.82607221	5	1169
165.613	13.378	2.841	58.33	3.578	2.278234423	5	1170
160.32	11.898	2.768	25.397	3.346	2.622086514	5	1171
187.806	11.296	2.779	115.041	3.586	2.158570542	5	1172
157.74	10.23	2.839	37.676	3.207	2.686493268	5	1173
163.698	13.297	2.829	69.238	3.637	2.093747284	5	1174
157.516	7.096	2.794	42.366	3.933	3.449979362	5	1175
161.401	8.495	2.756	25.049	3.598	2.713513223	5	1176
164.522	12.117	2.812	83.307	3.403	2.118635025	5	1177
168.153	15.281	2.694	26.715	3.107	1.451341171	5	1178
170.769	4.571	2.793	70.601	3.686	2.459345738	5	1179
156.045	6.013	2.783	45.008	3.787	2.971473927	5	1180
176.588	15.842	2.855	111.162	3.145	1.983184101	5	1181
152.772	5.572	2.814	40.475	3.774	2.896554876	5	1182
157.591	3.258	2.669	39.386	2.941	3.530337523	5	1183
163.037	10.256	2.818	46.7	3.65	2.276089392	5	1184
163.035	10.907	2.804	82.641	3.634	2.076021142	5	1185
161.699	5.854	2.747	72.398	2.837	2.388396081	5	1186
171.41	8.802	2.786	78.575	3.366	2.250063637	5	1187
154.679	7.497	2.801	44.093	3.525	2.772499936	5	1188
172.309	13.04	2.746	92.406	3.202	2.107084413	5	1189
155.44	12.934	2.752	45.335	3.009	2.52872778	5	1190
158.55	9.709	2.784	40.71	3.257	2.536087281	5	1191
181.54	21.471	2.827	66.538	3.972	1.756141446	5	1192
179.524	11.67	2.774	85.324	3.104	2.684803186	5	1193
157.849	8.02	2.805	36.439	3.822	2.550965416	5	1194
152.821	8.15	2.88	58.765	3.119	2.825928285	5	1195
159.72	9.054	2.861	46.29	3.179	2.526427161	5	1196
162.298	11.258	2.743	37.83	2.986	2.930347323	5	1197
157.124	8.874	2.855	53.015	2.676	2.705736312	5	1198
170.156	11.907	2.777	50.115	3.417	2.241591302	5	1199
180.537	12.681	2.808	85.762	3.686	2.29633825	5	1200